version https://git-lfs.github.com/spec/v1
oid sha256:3168680aa230fd5b272850edcffe4e97610655be550e79de2db13ceda7d499f2
size 463908
